 &plot nbnd=   8, nks=    48 /
            0.000000  0.000000  0.000000
  -18.735   -7.050   -2.309   -2.309    3.699    7.056    9.111    9.111
            0.016667  0.028868  0.000000
  -18.715   -7.026   -2.389   -2.353    3.726    7.082    9.114    9.198
            0.033333  0.057735  0.000000
  -18.656   -6.954   -2.620   -2.485    3.807    7.159    9.134    9.446
            0.050000  0.086603  0.000000
  -18.557   -6.834   -2.979   -2.699    3.942    7.288    9.184    9.631
            0.066667  0.115470  0.000000
  -18.419   -6.668   -3.437   -2.988    4.131    7.467    9.273    9.830
            0.083333  0.144338  0.000000
  -18.241   -6.454   -3.965   -3.344    4.374    7.696    9.406   10.074
            0.100000  0.173205  0.000000
  -18.025   -6.194   -4.539   -3.755    4.670    7.975    9.584   10.056
            0.116667  0.202073  0.000000
  -17.770   -5.890   -5.139   -4.211    5.021    8.302    9.381    9.810
            0.133333  0.230940  0.000000
  -17.477   -5.749   -5.541   -4.701    5.426    8.666    8.673   10.082
            0.150000  0.259808  0.000000
  -17.147   -6.361   -5.215   -5.150    5.883    7.926    9.087   10.398
            0.166667  0.288675  0.000000
  -16.779   -6.964   -5.743   -4.718    6.394    7.174    9.538   10.756
            0.183333  0.317543  0.000000
  -16.375   -7.552   -6.276   -4.249    6.423    6.958   10.015   11.152
            0.200000  0.346410  0.000000
  -15.936   -8.123   -6.808   -3.745    5.680    7.574   10.504   11.581
            0.216667  0.375278  0.000000
  -15.463   -8.671   -7.332   -3.210    4.953    8.241   10.971   12.036
            0.233333  0.404145  0.000000
  -14.958   -9.194   -7.840   -2.650    4.249    8.957   11.363   12.505
            0.250000  0.433013  0.000000
  -14.425   -9.690   -8.328   -2.072    3.572    9.720   11.598   12.971
            0.266667  0.461880  0.000000
  -13.866  -10.158   -8.789   -1.483    2.927   10.525   11.631   13.407
            0.283333  0.490748  0.000000
  -13.290  -10.596   -9.214   -0.896    2.317   11.363   11.515   13.766
            0.300000  0.519615  0.000000
  -12.711  -11.004   -9.590   -0.322    1.745   11.353   12.212   13.843
            0.316667  0.548483  0.000000
  -12.161  -11.381   -9.884    0.223    1.212   11.222   13.017   13.751
            0.333333  0.577350  0.000000
  -11.726  -11.726  -10.014    0.721    0.721   11.172   13.564   13.564
            0.300000  0.577350  0.000000
  -12.039  -11.545   -9.843    0.273    1.157   11.228   13.309   13.470
            0.266667  0.577350  0.000000
  -12.320  -11.611   -9.386   -0.131    1.520   11.404   13.023   13.158
            0.233333  0.577350  0.000000
  -12.568  -11.777   -8.798   -0.489    1.804   11.693   12.606   12.736
            0.200000  0.577350  0.000000
  -12.783  -11.961   -8.172   -0.800    2.014   11.745   12.072   12.467
            0.166667  0.577350  0.000000
  -12.966  -12.133   -7.554   -1.065    2.158   10.869   12.228   12.356
            0.133333  0.577350  0.000000
  -13.115  -12.282   -6.978   -1.283    2.252   10.057   12.026   12.140
            0.100000  0.577350  0.000000
  -13.231  -12.400   -6.477   -1.452    2.308    9.359   11.866   11.969
            0.066667  0.577350  0.000000
  -13.314  -12.487   -6.083   -1.573    2.340    8.819   11.750   11.846
            0.033333  0.577350  0.000000
  -13.364  -12.539   -5.830   -1.646    2.355    8.477   11.680   11.772
            0.000000  0.577350  0.000000
  -13.381  -12.556   -5.742   -1.671    2.359    8.360   11.656   11.747
            0.000000  0.543388  0.000000
  -13.722  -12.185   -5.722   -1.806    2.527    8.369   10.811   12.633
            0.000000  0.509427  0.000000
  -14.268  -11.548   -5.660   -2.157    2.975    8.395    9.969   12.786
            0.000000  0.475465  0.000000
  -14.816  -10.851   -5.558   -2.624    3.602    8.432    9.182   12.120
            0.000000  0.441503  0.000000
  -15.338  -10.121   -5.417   -3.138    4.333    8.336    8.596   11.470
            0.000000  0.407541  0.000000
  -15.829   -9.369   -5.237   -3.658    5.124    7.707    8.611   10.850
            0.000000  0.373580  0.000000
  -16.285   -8.600   -5.023   -4.163    5.947    7.075    8.694   10.269
            0.000000  0.339618  0.000000
  -16.705   -7.823   -4.776   -4.640    6.493    6.779    8.788    9.733
            0.000000  0.305656  0.000000
  -17.086   -7.043   -5.083   -4.500    5.964    7.597    8.886    9.252
            0.000000  0.271694  0.000000
  -17.430   -6.272   -5.486   -4.202    5.490    8.326    8.888    8.979
            0.000000  0.237732  0.000000
  -17.734   -5.847   -5.519   -3.888    5.071    8.320    9.060    9.272
            0.000000  0.203771  0.000000
  -17.998   -6.162   -4.798   -3.567    4.707    8.005    9.120    9.965
            0.000000  0.169809  0.000000
  -18.223   -6.432   -4.128   -3.250    4.399    7.720    9.153   10.075
            0.000000  0.135847  0.000000
  -18.407   -6.653   -3.528   -2.953    4.147    7.482    9.158    9.833
            0.000000  0.101885  0.000000
  -18.550   -6.826   -3.022   -2.692    3.951    7.296    9.145    9.636
            0.000000  0.067924  0.000000
  -18.652   -6.950   -2.636   -2.487    3.811    7.163    9.126    9.469
            0.000000  0.033962  0.000000
  -18.714   -7.025   -2.392   -2.355    3.727    7.083    9.114    9.202
            0.000000  0.000000  0.000000
  -18.735   -7.050   -2.309   -2.309    3.699    7.056    9.111    9.111
